000011001
000111001
011111001
011111001
011111001
000100000
011111001
110100000
110000001
001111000
001000000
001000000
001000000
001000000
001000000
001111000
001101000
000111010
101100000
001111000
000111011
101111000
010100100
001000000
001111000
000111001
001110100
111110001
000101101
001000000
001000000
001000000
001000000
001000000
001000000
001111000
000111100
100111001
000100000
111000110
001111000
000111001
111001100
011111001
011111001
011111001
011111001
101100000
001111000
111001111
000111101
111100001
001111000
000111001
011111001
011111001
011111001
011111001
110101000
001111000
000111001
011111001
011111001
011111001
011111001
101111001
111101001
001111000
000111001
011111001
011111001
011111001
011111001
110101001
001111000
000111001
000011011
011111001
011111001
011111001
011111001
111011100
111001001
001000000
001000000
001000000
001000000
001000000
000111001
111001111
001000000
001000000
001000000
001000000
001111000
000111001
000010010
000011010
011111001
000111001
011111001
000111001
011111001
000111001
111010110
