000111001
011111001
000111001
011111001
000111001
000100000
011111001
000111001
011111001
000111001
011111001
000111001
011111001
000111001
011111001
000101001
001111000
000111001
011111001
011111001
000111001
110101000
001111000
101111000
100110100
001111000
000111001
111110001
001111000
101111000
010111101
000010001
001111000
110010000
000011001
001111000
101111001
100110100
001111000
000111001
111110010
001111000
101111001
010111101
000010001
001111000
110010001
000111001
000011011
001000000
001000000
001000000
001000000
001000000
001000000
001000000
001111000
000111001
110011011
001010000
001011000
001100000
001101000
001110000
001111000
101011001
001000000
101011001
001000000
001000000
001000000
001000000
001000000
001000000
001000000
001000000
001000000
001111000
000111001
001010011
111010011
001111000
101111000
011111100
000110110
000010000
000111001
111010001
001111000
000111001
000101101
001000000
001000000
001000000
001000000
001000000
001000000
111000010
001000000
001000000
001000000
111000100
001000000
001000000
001000000
001000000
001000000
001000000
001000000
001000000
111000011
001000000
001000000
001111000
000111001
011111001
000111001
011111001
000111001
011111001
000111001
011111001
000111001
011111001
000111001
011111001
000111001
011111001
000111001
010010100
001111000
000111001
111000010
111000100
111000001
001000000
001000000
001000000
001000000
001000000
001000000
001000000
111000010
001000000
001000000
001000000
001000000
001000000
001000000
000010010
011111001
011111001
011111001
000010010
001111000
101111000
100111010
000101101
001111000
000111001
000100100
001111000
000111011
100011001
100111001
111000100
001111000
000111001
101011011
111011010
101111011
111001010
000111001
101111011
010110110
010101101
001111000
000111001
000110110
000010000
000111001
111010001
001111000
000111001
000101101
001000000
001000000
001000000
001000000
001111000
110101011
110110010
