101011001
001000000
101011001
001000000
001000000
001000000
001000000
001000000
001000000
001000000
001000000
001000000
001111000
000111001
001010011
111010011
001111000
101111000
011111100
000110110
000010000
000111001
111010001
001111000
000111001
000101101
001000000
001000000
001000000
001000000
001000000
001000000
111000010
001000000
001000000
001000000
111000100
001000000
001000000
001000000
001000000
001000000
001000000
001000000
001000000
111000011
001000000
001000000
001111000
000111001
011111001
000111001
011111001
000111001
011111001
000111001
011111001
000111001
011111001
000111001
011111001
000111001
011111001
000111001
010010100
001111000
000111001
111000010
111000100
111000001
001000000
001000000
001000000
001000000
001000000
001000000
001000000
111000010
001000000
001000000
001000000
001000000
001000000
001000000
000010010
011111001
011111001
011111001
000010010
001111000
101111000
100111010
000101101
001111000
000111001
000100100
001111000
000111011
100011001
100111001
111000100
001111000
110101000
110110001
001010000
001011000
001100000
001101000
001110000
001111000
101110010
100110101
000111001
001110110
111110010
001111000
101111001
011111101
000100100
000110000
000111001
111110011
001111000
000111001
111000001
111000110
001000000
001000000
001000000
001000000
111000011
001000000
000011011
000110000
000111001
111110001
001111000
000111001
000010010
001000000
001000000
001000000
001000000
001000000
001000000
001111000
000111001
011111001
000111001
011111001
000111001
011111001
000111001
111000001
111000011
001000000
001000000
111000100
001000000
001000000
001000000
011111001
000111001
011111001
000111001
011111001
000111001
011111001
000111001
010110101
001111000
000111001
000110110
011111001
011111001
011111001
111000010
001000000
111000001
001000000
001000000
111000101
001000000
001000000
001000000
001000000
001000000
001000000
001000000
001000000
111000011
001000000
000110110
001111000
101111001
100110110
101111000
011111101
000111110
000011011
000110000
000111001
111110001
001111000
000111001
000010010
001000000
001000000
001000000
001000000
001111000
000111001
111000001
111000100
001000000
001000000
111000011
001000000
001000000
001000000
001000000
001000000
011111001
000111001
011111001
000111001
011111001
000111001
011111001
000111001
011111001
000111001
011111001
000111001
011111001
000111001
010110101
001111000
000111001
111000001
111000010
001000000
001000000
001000000
001000000
111000100
001000000
000110110
011111001
011111001
011111001
000110110
001111000
101111000
100111110
000010010
001111000
000111001
000101101
101111001
100111101
111000110
001111000
000111001
000111001
000111001
110010010
110011001
110100000
